payment,amount,interest,principle,balance
1,308.58,300.00,8.58,29991.42
2,308.58,299.91,8.67,29982.75
3,308.58,299.83,8.76,29973.99
4,308.58,299.74,8.84,29965.15
5,308.58,299.65,8.93,29956.21
6,308.58,299.56,9.02,29947.19
7,308.58,299.47,9.11,29938.08
8,308.58,299.38,9.20,29928.88
9,308.58,299.29,9.30,29919.58
10,308.58,299.20,9.39,29910.19
11,308.58,299.10,9.48,29900.71
12,308.58,299.01,9.58,29891.14
13,308.58,298.91,9.67,29881.46
14,308.58,298.81,9.77,29871.69
15,308.58,298.72,9.87,29861.83
16,308.58,298.62,9.97,29851.86
17,308.58,298.52,10.07,29841.80
18,308.58,298.42,10.17,29831.63
19,308.58,298.32,10.27,29821.36
20,308.58,298.21,10.37,29810.99
21,308.58,298.11,10.47,29800.52
22,308.58,298.01,10.58,29789.94
23,308.58,297.90,10.68,29779.26
24,308.58,297.79,10.79,29768.47
25,308.58,297.68,10.90,29757.57
26,308.58,297.58,11.01,29746.56
27,308.58,297.47,11.12,29735.44
28,308.58,297.35,11.23,29724.21
29,308.58,297.24,11.34,29712.87
30,308.58,297.13,11.46,29701.41
31,308.58,297.01,11.57,29689.84
32,308.58,296.90,11.69,29678.16
33,308.58,296.78,11.80,29666.36
34,308.58,296.66,11.92,29654.44
35,308.58,296.54,12.04,29642.40
36,308.58,296.42,12.16,29630.24
37,308.58,296.30,12.28,29617.96
38,308.58,296.18,12.40,29605.55
39,308.58,296.06,12.53,29593.02
40,308.58,295.93,12.65,29580.37
41,308.58,295.80,12.78,29567.59
42,308.58,295.68,12.91,29554.68
43,308.58,295.55,13.04,29541.65
44,308.58,295.42,13.17,29528.48
45,308.58,295.28,13.30,29515.18
46,308.58,295.15,13.43,29501.75
47,308.58,295.02,13.57,29488.18
48,308.58,294.88,13.70,29474.48
49,308.58,294.74,13.84,29460.64
50,308.58,294.61,13.98,29446.66
51,308.58,294.47,14.12,29432.55
52,308.58,294.33,14.26,29418.29
53,308.58,294.18,14.40,29403.89
54,308.58,294.04,14.54,29389.34
55,308.58,293.89,14.69,29374.65
56,308.58,293.75,14.84,29359.81
57,308.58,293.60,14.99,29344.83
58,308.58,293.45,15.14,29329.69
59,308.58,293.30,15.29,29314.41
60,308.58,293.14,15.44,29298.97
61,308.58,292.99,15.59,29283.37
62,308.58,292.83,15.75,29267.62
63,308.58,292.68,15.91,29251.71
64,308.58,292.52,16.07,29235.65
65,308.58,292.36,16.23,29219.42
66,308.58,292.19,16.39,29203.03
67,308.58,292.03,16.55,29186.48
68,308.58,291.86,16.72,29169.76
69,308.58,291.70,16.89,29152.87
70,308.58,291.53,17.06,29135.82
71,308.58,291.36,17.23,29118.59
72,308.58,291.19,17.40,29101.19
73,308.58,291.01,17.57,29083.62
74,308.58,290.84,17.75,29065.87
75,308.58,290.66,17.93,29047.95
76,308.58,290.48,18.10,29029.84
77,308.58,290.30,18.29,29011.56
78,308.58,290.12,18.47,28993.09
79,308.58,289.93,18.65,28974.44
80,308.58,289.74,18.84,28955.60
81,308.58,289.56,19.03,28936.57
82,308.58,289.37,19.22,28917.35
83,308.58,289.17,19.41,28897.94
84,308.58,288.98,19.60,28878.34
85,308.58,288.78,19.80,28858.54
86,308.58,288.59,20.00,28838.54
87,308.58,288.39,20.20,28818.34
88,308.58,288.18,20.40,28797.94
89,308.58,287.98,20.60,28777.34
90,308.58,287.77,20.81,28756.53
91,308.58,287.57,21.02,28735.51
92,308.58,287.36,21.23,28714.28
93,308.58,287.14,21.44,28692.84
94,308.58,286.93,21.66,28671.18
95,308.58,286.71,21.87,28649.31
96,308.58,286.49,22.09,28627.22
97,308.58,286.27,22.31,28604.91
98,308.58,286.05,22.53,28582.37
99,308.58,285.82,22.76,28559.61
100,308.58,285.60,22.99,28536.63
101,308.58,285.37,23.22,28513.41
102,308.58,285.13,23.45,28489.96
103,308.58,284.90,23.68,28466.27
104,308.58,284.66,23.92,28442.35
105,308.58,284.42,24.16,28418.19
106,308.58,284.18,24.40,28393.79
107,308.58,283.94,24.65,28369.15
108,308.58,283.69,24.89,28344.25
109,308.58,283.44,25.14,28319.11
110,308.58,283.19,25.39,28293.72
111,308.58,282.94,25.65,28268.07
112,308.58,282.68,25.90,28242.17
113,308.58,282.42,26.16,28216.01
114,308.58,282.16,26.42,28189.58
115,308.58,281.90,26.69,28162.90
116,308.58,281.63,26.95,28135.94
117,308.58,281.36,27.22,28108.72
118,308.58,281.09,27.50,28081.22
119,308.58,280.81,27.77,28053.45
120,308.58,280.53,28.05,28025.40
121,308.58,280.25,28.33,27997.07
122,308.58,279.97,28.61,27968.46
123,308.58,279.68,28.90,27939.56
124,308.58,279.40,29.19,27910.37
125,308.58,279.10,29.48,27880.89
126,308.58,278.81,29.77,27851.11
127,308.58,278.51,30.07,27821.04
128,308.58,278.21,30.37,27790.67
129,308.58,277.91,30.68,27759.99
130,308.58,277.60,30.98,27729.01
131,308.58,277.29,31.29,27697.71
132,308.58,276.98,31.61,27666.11
133,308.58,276.66,31.92,27634.18
134,308.58,276.34,32.24,27601.94
135,308.58,276.02,32.56,27569.38
136,308.58,275.69,32.89,27536.49
137,308.58,275.36,33.22,27503.27
138,308.58,275.03,33.55,27469.72
139,308.58,274.70,33.89,27435.83
140,308.58,274.36,34.23,27401.60
141,308.58,274.02,34.57,27367.04
142,308.58,273.67,34.91,27332.12
143,308.58,273.32,35.26,27296.86
144,308.58,272.97,35.62,27261.25
145,308.58,272.61,35.97,27225.27
146,308.58,272.25,36.33,27188.94
147,308.58,271.89,36.69,27152.25
148,308.58,271.52,37.06,27115.19
149,308.58,271.15,37.43,27077.76
150,308.58,270.78,37.81,27039.95
151,308.58,270.40,38.18,27001.77
152,308.58,270.02,38.57,26963.20
153,308.58,269.63,38.95,26924.25
154,308.58,269.24,39.34,26884.91
155,308.58,268.85,39.73,26845.17
156,308.58,268.45,40.13,26805.04
157,308.58,268.05,40.53,26764.51
158,308.58,267.65,40.94,26723.57
159,308.58,267.24,41.35,26682.22
160,308.58,266.82,41.76,26640.46
161,308.58,266.40,42.18,26598.28
162,308.58,265.98,42.60,26555.68
163,308.58,265.56,43.03,26512.65
164,308.58,265.13,43.46,26469.19
165,308.58,264.69,43.89,26425.30
166,308.58,264.25,44.33,26380.97
167,308.58,263.81,44.77,26336.20
168,308.58,263.36,45.22,26290.97
169,308.58,262.91,45.67,26245.30
170,308.58,262.45,46.13,26199.17
171,308.58,261.99,46.59,26152.58
172,308.58,261.53,47.06,26105.52
173,308.58,261.06,47.53,26057.99
174,308.58,260.58,48.00,26009.99
175,308.58,260.10,48.48,25961.50
176,308.58,259.62,48.97,25912.54
177,308.58,259.13,49.46,25863.08
178,308.58,258.63,49.95,25813.12
179,308.58,258.13,50.45,25762.67
180,308.58,257.63,50.96,25711.71
181,308.58,257.12,51.47,25660.25
182,308.58,256.60,51.98,25608.27
183,308.58,256.08,52.50,25555.76
184,308.58,255.56,53.03,25502.74
185,308.58,255.03,53.56,25449.18
186,308.58,254.49,54.09,25395.09
187,308.58,253.95,54.63,25340.46
188,308.58,253.40,55.18,25285.28
189,308.58,252.85,55.73,25229.55
190,308.58,252.30,56.29,25173.26
191,308.58,251.73,56.85,25116.41
192,308.58,251.16,57.42,25058.99
193,308.58,250.59,57.99,25000.99
194,308.58,250.01,58.57,24942.42
195,308.58,249.42,59.16,24883.26
196,308.58,248.83,59.75,24823.51
197,308.58,248.24,60.35,24763.16
198,308.58,247.63,60.95,24702.21
199,308.58,247.02,61.56,24640.65
200,308.58,246.41,62.18,24578.47
201,308.58,245.78,62.80,24515.67
202,308.58,245.16,63.43,24452.24
203,308.58,244.52,64.06,24388.18
204,308.58,243.88,64.70,24323.48
205,308.58,243.23,65.35,24258.13
206,308.58,242.58,66.00,24192.13
207,308.58,241.92,66.66,24125.47
208,308.58,241.25,67.33,24058.14
209,308.58,240.58,68.00,23990.13
210,308.58,239.90,68.68,23921.45
211,308.58,239.21,69.37,23852.08
212,308.58,238.52,70.06,23782.02
213,308.58,237.82,70.76,23711.26
214,308.58,237.11,71.47,23639.79
215,308.58,236.40,72.19,23567.60
216,308.58,235.68,72.91,23494.69
217,308.58,234.95,73.64,23421.05
218,308.58,234.21,74.37,23346.68
219,308.58,233.47,75.12,23271.56
220,308.58,232.72,75.87,23195.70
221,308.58,231.96,76.63,23119.07
222,308.58,231.19,77.39,23041.68
223,308.58,230.42,78.17,22963.51
224,308.58,229.64,78.95,22884.56
225,308.58,228.85,79.74,22804.82
226,308.58,228.05,80.54,22724.29
227,308.58,227.24,81.34,22642.95
228,308.58,226.43,82.15,22560.79
229,308.58,225.61,82.98,22477.82
230,308.58,224.78,83.81,22394.01
231,308.58,223.94,84.64,22309.37
232,308.58,223.09,85.49,22223.88
233,308.58,222.24,86.35,22137.53
234,308.58,221.38,87.21,22050.32
235,308.58,220.50,88.08,21962.24
236,308.58,219.62,88.96,21873.28
237,308.58,218.73,89.85,21783.43
238,308.58,217.83,90.75,21692.68
239,308.58,216.93,91.66,21601.02
240,308.58,216.01,92.57,21508.45
241,308.58,215.08,93.50,21414.95
242,308.58,214.15,94.43,21320.52
243,308.58,213.21,95.38,21225.14
244,308.58,212.25,96.33,21128.81
245,308.58,211.29,97.30,21031.51
246,308.58,210.32,98.27,20933.24
247,308.58,209.33,99.25,20833.99
248,308.58,208.34,100.24,20733.75
249,308.58,207.34,101.25,20632.50
250,308.58,206.32,102.26,20530.24
251,308.58,205.30,103.28,20426.96
252,308.58,204.27,104.31,20322.65
253,308.58,203.23,105.36,20217.29
254,308.58,202.17,106.41,20110.88
255,308.58,201.11,107.48,20003.40
256,308.58,200.03,108.55,19894.85
257,308.58,198.95,109.64,19785.22
258,308.58,197.85,110.73,19674.49
259,308.58,196.74,111.84,19562.65
260,308.58,195.63,112.96,19449.69
261,308.58,194.50,114.09,19335.60
262,308.58,193.36,115.23,19220.37
263,308.58,192.20,116.38,19103.99
264,308.58,191.04,117.54,18986.45
265,308.58,189.86,118.72,18867.73
266,308.58,188.68,119.91,18747.83
267,308.58,187.48,121.11,18626.72
268,308.58,186.27,122.32,18504.40
269,308.58,185.04,123.54,18380.86
270,308.58,183.81,124.78,18256.09
271,308.58,182.56,126.02,18130.07
272,308.58,181.30,127.28,18002.78
273,308.58,180.03,128.56,17874.23
274,308.58,178.74,129.84,17744.38
275,308.58,177.44,131.14,17613.24
276,308.58,176.13,132.45,17480.79
277,308.58,174.81,133.78,17347.02
278,308.58,173.47,135.11,17211.90
279,308.58,172.12,136.46,17075.44
280,308.58,170.75,137.83,16937.61
281,308.58,169.38,139.21,16798.40
282,308.58,167.98,140.60,16657.80
283,308.58,166.58,142.01,16515.80
284,308.58,165.16,143.43,16372.37
285,308.58,163.72,144.86,16227.51
286,308.58,162.28,146.31,16081.20
287,308.58,160.81,147.77,15933.43
288,308.58,159.33,149.25,15784.18
289,308.58,157.84,150.74,15633.44
290,308.58,156.33,152.25,15481.19
291,308.58,154.81,153.77,15327.42
292,308.58,153.27,155.31,15172.11
293,308.58,151.72,156.86,15015.25
294,308.58,150.15,158.43,14856.81
295,308.58,148.57,160.02,14696.80
296,308.58,146.97,161.62,14535.18
297,308.58,145.35,163.23,14371.95
298,308.58,143.72,164.86,14207.09
299,308.58,142.07,166.51,14040.57
300,308.58,140.41,168.18,13872.40
301,308.58,138.72,169.86,13702.54
302,308.58,137.03,171.56,13530.98
303,308.58,135.31,173.27,13357.70
304,308.58,133.58,175.01,13182.70
305,308.58,131.83,176.76,13005.94
306,308.58,130.06,178.52,12827.42
307,308.58,128.27,180.31,12647.11
308,308.58,126.47,182.11,12464.99
309,308.58,124.65,183.93,12281.06
310,308.58,122.81,185.77,12095.29
311,308.58,120.95,187.63,11907.66
312,308.58,119.08,189.51,11718.15
313,308.58,117.18,191.40,11526.75
314,308.58,115.27,193.32,11333.43
315,308.58,113.33,195.25,11138.18
316,308.58,111.38,197.20,10940.98
317,308.58,109.41,199.17,10741.80
318,308.58,107.42,201.17,10540.64
319,308.58,105.41,203.18,10337.46
320,308.58,103.37,205.21,10132.25
321,308.58,101.32,207.26,9924.99
322,308.58,99.25,209.33,9715.66
323,308.58,97.16,211.43,9504.23
324,308.58,95.04,213.54,9290.69
325,308.58,92.91,215.68,9075.01
326,308.58,90.75,217.83,8857.18
327,308.58,88.57,220.01,8637.17
328,308.58,86.37,222.21,8414.95
329,308.58,84.15,224.43,8190.52
330,308.58,81.91,226.68,7963.84
331,308.58,79.64,228.95,7734.89
332,308.58,77.35,231.23,7503.66
333,308.58,75.04,233.55,7270.11
334,308.58,72.70,235.88,7034.23
335,308.58,70.34,238.24,6795.99
336,308.58,67.96,240.62,6555.36
337,308.58,65.55,243.03,6312.33
338,308.58,63.12,245.46,6066.87
339,308.58,60.67,247.92,5818.96
340,308.58,58.19,250.39,5568.56
341,308.58,55.69,252.90,5315.67
342,308.58,53.16,255.43,5060.24
343,308.58,50.60,257.98,4802.26
344,308.58,48.02,260.56,4541.70
345,308.58,45.42,263.17,4278.53
346,308.58,42.79,265.80,4012.73
347,308.58,40.13,268.46,3744.28
348,308.58,37.44,271.14,3473.13
349,308.58,34.73,273.85,3199.28
350,308.58,31.99,276.59,2922.69
351,308.58,29.23,279.36,2643.33
352,308.58,26.43,282.15,2361.18
353,308.58,23.61,284.97,2076.21
354,308.58,20.76,287.82,1788.39
355,308.58,17.88,290.70,1497.69
356,308.58,14.98,293.61,1204.08
357,308.58,12.04,296.54,907.54
358,308.58,9.08,299.51,608.03
359,308.58,6.08,302.50,305.53
360,308.58,3.06,305.53,-0.00
