payment,amount,interest,principle,balance
1,794.82,500.00,294.82,29705.18
2,794.82,495.09,299.73,29405.45
3,794.82,490.09,304.73,29100.73
4,794.82,485.01,309.80,28790.92
5,794.82,479.85,314.97,28475.96
6,794.82,474.60,320.22,28155.74
7,794.82,469.26,325.55,27830.18
8,794.82,463.84,330.98,27499.20
9,794.82,458.32,336.50,27162.71
10,794.82,452.71,342.10,26820.60
11,794.82,447.01,347.81,26472.80
12,794.82,441.21,353.60,26119.19
13,794.82,435.32,359.50,25759.70
14,794.82,429.33,365.49,25394.21
15,794.82,423.24,371.58,25022.63
16,794.82,417.04,377.77,24644.86
17,794.82,410.75,384.07,24260.79
18,794.82,404.35,390.47,23870.32
19,794.82,397.84,396.98,23473.34
20,794.82,391.22,403.59,23069.74
21,794.82,384.50,410.32,22659.42
22,794.82,377.66,417.16,22242.26
23,794.82,370.70,424.11,21818.15
24,794.82,363.64,431.18,21386.97
25,794.82,356.45,438.37,20948.60
26,794.82,349.14,445.67,20502.93
27,794.82,341.72,453.10,20049.83
28,794.82,334.16,460.65,19589.18
29,794.82,326.49,468.33,19120.85
30,794.82,318.68,476.14,18644.71
31,794.82,310.75,484.07,18160.64
32,794.82,302.68,492.14,17668.50
33,794.82,294.48,500.34,17168.16
34,794.82,286.14,508.68,16659.48
35,794.82,277.66,517.16,16142.32
36,794.82,269.04,525.78,15616.54
37,794.82,260.28,534.54,15082.00
38,794.82,251.37,543.45,14538.55
39,794.82,242.31,552.51,13986.05
40,794.82,233.10,561.72,13424.33
41,794.82,223.74,571.08,12853.25
42,794.82,214.22,580.60,12272.66
43,794.82,204.54,590.27,11682.38
44,794.82,194.71,600.11,11082.27
45,794.82,184.70,610.11,10472.16
46,794.82,174.54,620.28,9851.88
47,794.82,164.20,630.62,9221.26
48,794.82,153.69,641.13,8580.13
49,794.82,143.00,651.81,7928.32
50,794.82,132.14,662.68,7265.64
51,794.82,121.09,673.72,6591.92
52,794.82,109.87,684.95,5906.97
53,794.82,98.45,696.37,5210.60
54,794.82,86.84,707.97,4502.63
55,794.82,75.04,719.77,3782.86
56,794.82,63.05,731.77,3051.09
57,794.82,50.85,743.97,2307.12
58,794.82,38.45,756.36,1550.76
59,794.82,25.85,768.97,781.79
60,794.82,13.03,781.79,-0.00
